perfect, 1, 完全数, 6, 28, 496, 8128, 33550336
repunit, 1, レピュニット, 1, 11, 111, 1111, 11111, 111111, 1111111, 11111111
mersenne, 1, メルセンヌ数, 1, 3, 7, 15, 31, 63, 127, 255, 511, 1023, 2047, 4095, 8191, 16383, 32767, 65535, 131071, 262143, 524287, 2147483647
fibonacci, 1, フィボナッチ数, 1, 1, 2, 3, 5, 8, 13, 21, 34, 55, 89, 144, 233, 377, 610, 987, 1597, 2584, 4181, 6765, 10946, 17711, 28657, 46368, 75025, 121393, 196418, 317811, 514229, 832040, 1346269
tribonacci, 1, トリボナッチ数, 0, 1, 1, 2, 4, 7, 13, 24, 44, 81, 149, 274, 504, 927, 1705, 3136, 5768, 10609, 19513, 35890, 66012, 121415, 223317, 410744, 755476, 1389537
tetranacci, 1, テトラナッチ数, 0, 0, 1, 1, 2, 4, 8, 15, 29, 56, 108, 208, 401, 773, 1490, 2872, 5536, 10671, 20569, 39648, 76424, 147312, 283953, 547337, 1055026
palindromicSquare, 1, 回文平方数, 1, 4, 9, 121, 484, 676, 10201, 12321, 14641, 40804, 44944, 69696, 94249, 698896, 1002001
catalan, 1, カタラン数, 1, 2, 5, 14, 42, 132, 429, 1430, 4862, 16796, 58786, 208012, 742900, 2674440
ptotient, 10, 完全トーティエント数, 255, 5571, 177147, 57395631
lucas, 1, リュカ数, 1, 3, 4, 7, 11, 18, 29, 47, 76, 123, 199, 322, 521, 843, 1364, 2207, 3571, 5778, 9349, 15127, 24476, 39603, 64079, 103682, 167761, 271443, 439204, 710647, 1149851
carmichael, 1, カーマイケル数, 561, 1105, 1729, 2465, 2821, 6601, 8911, 10585, 15841, 29341, 41041, 46657, 52633, 62745, 63973, 75361, 101101, 115921, 126217, 162401, 172081, 188461, 252601, 278545, 294409, 314821, 334153, 340561, 399001, 410041, 449065, 488881, 512461, 530881, 552721, 656601, 658801, 670033, 748657, 825265, 838201, 852841, 997633, 1024651
kaprekar, 1, カプレカ数, 1, 9, 45, 55, 99, 297, 703, 999, 2223, 2728, 4879, 4950, 5050, 5292, 7272, 7777, 9999, 17344, 22222, 38962, 77778, 82656, 95121, 99999, 142857, 148149, 181819, 187110, 208495, 318682, 329967, 351352, 356643, 390313, 461539, 466830, 499500, 500500, 533170, 538461, 609687, 627615, 643357, 648648, 670033, 681318, 791505, 812890, 818181, 851851, 857143, 961038, 994708, 999999, 4444444
tangent, 1, タンジェント数, 1, 2, 16, 272, 7936, 353792, 22368256, 1903757312, 209865342976
sierpinski, 1, シェルピンスキー数, 78557, 271129, 271577, 322523, 327739, 482719, 575041, 603713, 903983, 934909, 965431, 1259779
achilles, 10, アキレス数, 800, 1800, 3456, 5292, 7200, 9800, 12168, 15125, 18252, 21600, 25088, 28800, 33275, 36963, 41503, 45387, 49923, 55112, 60552, 66248, 72000, 78608, 84500, 91592, 98568, 105800, 111392, 120125, 127008, 136107, 144000, 152352, 162000, 170368, 177957, 189728, 197192, 207576, 219488, 225000, 235224, 245000, 259200, 267912, 276125, 288800, 300125, 312500, 324000, 333396, 345600, 359552, 375948, 387200, 397832, 408608, 426888, 438012, 450000, 464648, 480200, 492075, 506763
emirp, 100, エマープ, 3049, 9173, 11621, 13963, 16453, 19237, 32077, 34961, 37831, 70529, 73939, 77023, 79907, 92789, 95429, 98597, 102031, 105601, 108943, 112181, 116107, 119827, 123667, 127601, 131581, 135589, 139721, 143743, 147997, 151531, 155621, 159389, 163363, 167597, 171383, 175303, 178897, 182579, 186247, 190027, 193883, 197261, 300929, 304279, 308597, 313477, 317179, 320657, 324901, 328813, 333323, 337153, 341501, 345547, 349667, 353867, 358427, 362867, 366851, 371191, 375223, 379663, 383797, 388391, 392201, 395921, 399941, 704399
smith, 100, スミス数, 2484, 5397, 8253, 10887, 15115, 17982, 20823, 24928, 27535, 29902, 33672, 37129, 39678, 43429, 46833, 49880, 52938, 55848, 59035, 62115, 65146, 67868, 71718, 74614, 76918, 79978, 83283, 85968, 89023, 91784, 94218, 97053, 100579, 106735, 109986, 116563, 120732, 125565, 128649, 133377, 137748, 141792, 145712
harshad, 1000, ハーシャッド数, 5652, 12532, 20196, 27168, 34830, 43080, 51744, 60816, 70305, 80118, 90432, 100567, 107249, 114408, 122346, 130734, 139128, 147821, 157050, 166860, 177140, 188077, 199516, 206424, 214214, 222420, 231224, 240336, 249870, 259680, 270090, 280812, 292056, 302190
narcissist, 1, ナルシシスト数, 1, 2, 3, 4, 5, 6, 7, 8, 9, 153, 370, 371, 407, 1634, 8208, 9474, 54748, 92727, 93084, 548834, 1741725
zuckerman, 10, ズッカーマン数, 11, 135, 612, 1131, 1575, 3276, 7119, 11212, 12128, 13131, 16224, 21132, 23112, 27216, 32832, 41616, 61344, 77616, 93312, 111216, 112116, 113616, 116172, 119232, 123732, 131712, 141192, 147112, 172116, 183312, 211112
semiprime, 10000, 半素数, 40882, 84829, 129907, 175579, 222257, 269129, 316091, 363963, 411499, 459577
weird, 10, 不思議数, 10792, 13930, 17990, 21910, 26530, 30730, 34930, 39970, 44170, 47810, 52990, 57890, 62090, 67970, 72310, 76510, 81970, 86170, 91070, 96670, 101710, 106610, 111790, 115990, 121310, 126770, 132230, 139090, 143710, 149030, 154910, 160090, 164990, 169610, 177170, 183190, 188090, 191870, 197330, 203210
abundant, 10000, 過剰数, 40350, 80622, 121074, 161604, 202090, 242502, 282918, 323358, 363680, 404064
superabundant, 10, 超過剰数, 120, 10080, 665280
palindromicPrime, 10, 回文素数, 191, 929, 13831, 17471, 30703, 35153, 39293, 73637, 78787, 94049, 97579, 1055501
prime1000, 1000, 素数, 7919, 17389, 27449, 37813, 48611, 59359, 70657, 81799, 93179, 104729, 116447, 128189, 139901, 151703, 163841, 176081, 187963, 200183, 212369, 224737, 237203, 249439, 262139, 274529, 287117, 300023, 312583, 324949, 337541, 350377, 363269, 376127, 389171, 401987, 414977, 427991, 440723, 453889, 467213, 479909, 493127, 506131, 519227, 532333, 545747, 559081, 572311, 585493, 598687, 611953, 625187, 638977, 652429, 665659, 679277, 692543, 706019, 719639, 732923, 746773, 760267, 773603, 787207, 800573, 814279, 827719, 841459, 855359, 868771, 882377, 896009, 909683, 923591, 937379, 951161, 965113, 978947, 993107, 1006721, 1020379, 1034221, 1048129, 1062511, 1076143, 1090373, 1103923, 1117579, 1131617, 1145689, 1159523, 1173301, 1187003, 1200949, 1215133, 1229269, 1243709, 1257517, 1271293, 1285517, 1299709
prime100, 100, 素数, 541, 1223, 1987, 2741, 3571, 4409, 5279, 6133, 6997, 7919, 8831, 9733, 10657, 11657, 12553, 13499, 14519, 15401, 16381, 17389, 18313, 19423, 20357, 21383, 22307, 23321, 24281, 25391, 26399, 27449, 28499, 29443, 30559, 31601, 32609, 33613, 34649, 35759, 36781, 37813, 38921, 39971, 41081, 42073, 43051, 44201, 45307, 46447, 47527, 48611, 49663, 50753, 51803, 52919, 53993, 55103, 56179, 57191, 58237, 59359, 60497, 61631, 62773, 63809, 65063, 66103, 67231, 68371, 69493, 70657, 71713, 72823, 73973, 75079, 76207, 77351, 78479, 79621, 80713, 81799, 82891, 84127, 85237, 86371, 87553, 88801, 89849, 90977, 92173, 93179, 94349, 95441, 96581, 97813, 98947, 100109, 101281, 102317, 103591, 104729, 105943, 107033, 108263, 109391, 110597, 111781, 112979, 114113, 115321, 116447, 117671, 118819, 119983, 121123, 122251, 123439, 124577, 125743, 126967, 128189, 129281, 130447, 131701, 132851, 134053, 135277, 136379, 137477, 138641, 139901, 141061, 142169, 143501, 144731, 145931, 147107, 148339, 149419, 150587, 151703, 152879, 154111, 155327, 156593, 157739, 159017, 160169, 161387, 162649, 163841, 165079, 166351, 167471, 168863, 170029, 171169, 172373, 173647, 174773, 176081, 177209, 178487, 179579, 180749, 182059, 183283, 184463, 185641, 186757, 187963, 189251, 190409, 191671, 192847, 194003, 195281, 196549, 197753, 198941, 200183, 201499, 202693, 203969, 205211, 206369, 207563, 208729, 209929, 211093, 212369, 213637, 214811, 216157, 217409, 218681, 219829, 221069, 222289, 223463, 224737, 225949, 227233, 228469, 229601, 230761, 232003, 233341, 234629, 235901, 237203, 238471, 239731, 240967, 242119, 243433, 244597, 245849, 247031, 248257, 249439, 250813, 251947, 253349, 254537, 255709, 257053, 258317, 259537, 260849, 262139, 263401, 264643, 265861, 267131, 268171, 269413, 270659, 271927, 273131, 274529, 275729, 276929, 278261, 279571, 280817, 281947, 283193, 284527, 285709, 287117, 288499, 289717, 290879, 292183, 293507, 294809, 296117, 297403, 298693, 300023, 301237, 302579, 303691, 304901, 306149, 307337, 308713, 309989, 311299, 312583, 313783, 315047, 316301, 317539, 318713, 319901, 321169, 322403, 323707, 324949, 326119, 327443, 328651, 329957, 331213, 332461, 333721, 335033, 336317, 337541, 338761, 340183, 341459, 342691, 343997, 345271, 346469, 347801, 349079, 350377, 351563, 352819, 354073, 355307, 356663, 357977, 359167, 360637, 361961, 363269, 364459, 365689, 366967, 368197, 369709, 371099, 372401, 373661, 374977, 376127, 377459, 378779, 379999, 381373, 382727, 383963, 385199, 386429, 387857, 389171, 390391, 391679, 392849, 393997, 395287, 396637, 398029, 399239, 400559, 401987, 403289, 404539, 405949, 407357, 408607, 409867, 411119, 412303, 413807, 414977, 416281, 417631, 418849, 420163, 421453, 422803, 424003, 425281, 426731, 427991, 429361, 430589, 431803, 432983, 434243, 435427, 436717, 438143, 439519, 440723, 442061, 443231, 444449, 445771, 447217, 448667, 449941, 451039, 452393, 453889, 455233, 456523, 457739, 459113, 460589, 461933, 463319, 464549, 465797, 467213, 468421, 469691, 470887, 472139, 473503, 474769, 475927, 477317, 478631, 479909, 481157, 482507, 483767, 485209, 486653, 487897, 489157, 490459, 491719, 493127, 494383, 495589, 496919, 498257, 499523, 500807, 502087, 503593, 504893, 506131, 507431, 508817, 510079, 511417, 512803, 514061, 515507, 516701, 517919, 519227, 520547, 521789, 523049, 524413, 525727, 526943, 528317, 529681, 530911, 532333, 533693, 535019, 536357, 537661, 538943, 540373, 541699, 542999, 544259, 545747, 547121, 548453, 549691, 550993, 552301, 553643, 554927, 556441, 557717, 559081, 560243, 561703, 562979, 564367, 565603, 567053, 568433, 569771, 570949, 572311, 573527, 574949, 576221, 577529, 578827, 580201, 581459, 582809, 584141, 585493, 586741, 587891, 589231, 590659, 592133, 593353, 594679, 595967, 597349, 598687, 600043, 601309, 602627, 603919, 605257, 606653, 607961, 609241, 610633, 611953, 613231, 614617, 615887, 617107, 618407, 619819, 621133, 622529, 623923, 625187, 626683, 628051, 629513, 630893, 632141, 633469, 634757, 636059, 637421, 638977, 640261, 641749, 643087, 644447, 645703, 647057, 648283, 649643, 651103, 652429, 653749, 655003, 656407, 657793, 659137, 660403, 661769, 663127, 664427, 665659, 667091, 668543, 669887, 671201, 672499, 673787, 675173, 676523, 678037, 679277, 680441, 681787, 683299, 684559, 685907, 687179, 688511, 689867, 691337, 692543, 693881, 695263, 696611, 697897, 699343, 700759, 702139, 703393, 704687, 706019, 707321, 708563, 709921, 711187, 712571, 713927, 715361, 716693, 718183, 719639, 720931, 722173, 723451, 724751, 726149, 727471, 728869, 730199, 731597, 732923, 734267, 735479, 736973, 738313, 739549, 741007, 742351, 743833, 745343, 746773, 748183, 749429, 750863, 752117, 753569, 754781, 756179, 757661, 758971, 760267, 761521, 762959, 764233, 765521, 766813, 768199, 769547, 770867, 772207, 773603, 774929, 776429, 777761, 779021, 780469, 781741, 783143, 784451, 785773, 787207, 788479, 789883, 791209, 792553, 793901, 795217, 796561, 797869, 799313, 800573, 801959, 803441, 804761, 806011, 807473, 808937, 810239, 811561, 812939, 814279, 815669, 817049, 818383, 819773, 821089, 822407, 823717, 825029, 826333, 827719, 829097, 830497, 831781, 833023, 834569, 835951, 837367, 838769, 840163, 841459, 842857, 844201, 845623, 847037, 848423, 849743, 851159, 852557, 853933, 855359, 856697, 857963, 859423, 860779, 862097, 863491, 864757, 866029, 867431, 868771, 870049, 871513, 872791, 874351, 875629, 876913, 878377, 879679, 880951, 882377, 883721, 885187, 886471, 887839, 889177, 890717, 891967, 893341, 894689, 896009, 897473, 898787, 900329, 901687, 903151, 904633, 905917, 907211, 908503, 909683, 911129, 912451, 914131, 915479, 916871, 918149, 919511, 920921, 922283, 923591, 924871, 926161, 927631, 929051, 930323, 931873, 933209, 934547, 935843, 937379, 938747, 940189, 941489, 942847, 944161, 945647, 947027, 948449, 949951, 951161, 952649, 954043, 955391, 956953, 958361, 959759, 961123, 962441, 963751, 965113, 966463, 967961, 969343, 970721, 971951, 973289, 974737, 976039, 977593, 978947, 980491, 981887, 983299, 984701, 986101, 987433, 988901, 990323, 991693, 993107, 994501, 995909, 997207, 998561, 1000033
power2,  -1, , 2, 4, 8, 16, 32, 64, 128, 256, 512, 1024, 2048, 4096, 8192, 16384, 32768, 65536, 131072, 262144, 524288, 1048576
power3,  -1, , 3, 9, 27, 81, 243, 729, 2187, 6561, 19683, 59049, 177147, 531441
power5,  -1, , 5, 25, 125, 625, 3125, 15625, 78125, 390625
power7,  -1, , 7, 49, 343, 2401, 16807, 117649, 823543
power11, -1, , 11, 121, 1331, 14641, 161051, 1771561
power13, -1, , 13, 169, 2197, 28561, 371293
power17, -1, , 17, 289, 4913, 83521, 1419857
power19, -1, , 19, 361, 6859, 130321
power23, -1, , 23, 529, 12167, 279841
power29, -1, , 29, 841, 24389, 707281
power31, -1, , 31, 961, 29791, 923521
power37, -1, , 37, 1369, 50653
justnum, -2, , 100, 111, 200, 222, 300, 333, 400, 444, 500, 555, 600, 666, 700, 777, 800, 888, 900, 999, 1000, 1111, 2000, 2222, 3000, 3333, 4000, 4444, 5000, 5555, 6000, 6666, 7000, 7777, 8000, 8888, 9000, 9999, 10000, 11111, 20000, 22222, 30000, 33333, 40000, 44444, 50000, 55555, 60000, 66666, 70000, 77777, 80000, 88888, 90000, 99999, 100000, 111111, 200000, 222222, 300000, 333333, 400000, 444444, 500000, 555555, 600000, 666666
